0.0 439159
0.5 170341
1.0 54373
1.5 38159
2.0 30518
2.5 26231
3.0 22994
3.5 21216
4.0 19730
4.5 18829
5.0 17774
5.5 16905
6.0 16537
6.5 15722
7.0 14872
7.5 13945
8.0 13163
8.5 11674
9.0 10788
9.5 7518
10.0 6423
10.5 5674
11.0 5052
11.5 4635
12.0 4317
12.5 3945
13.0 3438
13.5 3012
14.0 2537
14.5 1978
15.0 1441
15.5 1062
16.0 771
16.5 614
17.0 504
17.5 367
18.0 327
18.5 316
19.0 267
19.5 259
20.0 277
20.5 240
21.0 246
21.5 257
22.0 234
22.5 250
23.0 197
23.5 213
24.0 255
24.5 237
25.0 230
25.5 167
26.0 171
26.5 171
27.0 172
27.5 141
28.0 114
28.5 135
29.0 131
29.5 127
30.0 116
30.5 108
31.0 126
31.5 124
32.0 119
32.5 126
33.0 112
33.5 93
34.0 112
34.5 121
35.0 100
35.5 111
36.0 108
36.5 91
37.0 104
37.5 78
38.0 86
38.5 75
39.0 51
39.5 39
40.0 35
40.5 34
41.0 29
41.5 22
42.0 17
42.5 17
43.0 19
43.5 22
44.0 16
44.5 17
45.0 16
45.5 12
46.0 18
46.5 16
47.0 15
47.5 16
48.0 18
48.5 8
49.0 18
49.5 14
50.0 5
50.5 6
51.0 18
51.5 12
52.0 12
52.5 6
53.0 9
53.5 15
54.0 12
54.5 11
55.0 10
55.5 9
56.0 8
56.5 10
57.0 11
57.5 21
58.0 22
58.5 17
59.0 8
59.5 13
60.0 15
60.5 15
61.0 15
61.5 18
62.0 12
62.5 11
63.0 11
63.5 10
64.0 10
64.5 7
65.0 5
65.5 6
66.0 2
66.5 5
67.0 5
67.5 3
68.0 4
68.5 2
69.0 1
69.5 1
70.0 2
70.5 4
71.0 4
71.5 3
72.0 3
72.5 4
73.0 3
73.5 1
74.0 1
74.5 2
75.0 2
75.5 6
76.0 2
76.5 2
77.0 2
77.5 3
78.0 3
78.5 4
79.0 5
79.5 1
80.0 2
80.5 4
81.0 3
81.5 6
82.0 4
82.5 6
83.0 4
83.5 5
84.0 6
84.5 11
85.0 2
85.5 6
86.0 8
86.5 6
87.0 6
87.5 1
88.0 3
88.5 2
89.5 5
90.0 5
90.5 1
91.0 1
92.0 3
92.5 3
93.0 3
93.5 1
94.0 1
94.5 1
95.5 1
96.0 2
96.5 2
98.0 4
98.5 1
99.0 1
99.5 1
100.0 2
100.5 1
101.0 1
102.0 3
102.5 2
103.0 3
103.5 1
104.0 2
104.5 3
105.0 5
105.5 1
106.0 1
106.5 2
107.0 3
107.5 2
108.0 3
108.5 6
109.0 1
109.5 2
110.0 4
110.5 1
111.0 3
112.0 2
112.5 2
113.0 1
113.5 3
114.5 2
115.0 1
115.5 3
116.0 2
116.5 2
117.5 1
119.0 1
119.5 3
120.0 1
120.5 4
122.0 1
123.0 1
124.0 2
127.5 1
128.0 1
128.5 1
129.0 1
129.5 2
130.0 1
130.5 1
131.0 1
131.5 1
132.5 1
133.0 1
133.5 5
134.0 1
134.5 3
135.0 2
135.5 1
136.0 1
136.5 3
137.0 1
139.0 1
140.5 3
141.5 1
142.5 1
143.0 1
143.5 2
144.0 1
144.5 1
145.0 1
145.5 1
146.0 1
149.0 1
149.5 2
150.5 1
151.0 1
152.5 1
153.0 1
154.5 1
155.0 2
155.5 2
156.0 1
156.5 2
157.0 1
157.5 1
158.5 2
159.5 2
160.0 1
167.0 1
168.0 1
168.5 1
169.0 1
173.5 1
174.0 1
175.0 2
176.5 1
177.0 2
177.5 1
178.5 1
179.0 2
181.0 3
181.5 3
183.5 1
184.5 2
185.0 2
185.5 1
186.5 1
188.0 1
198.0 1
200.0 1
201.5 1
203.5 1
204.5 1
206.5 1
207.0 1
208.0 1
210.0 1
210.5 1
211.5 1
213.0 1
217.0 1
217.5 1
218.0 1
221.0 1
221.5 1
223.0 1
224.0 1
224.5 1
225.5 1
226.0 2
227.0 1
229.0 1
229.5 3
230.0 1
232.0 2
232.5 1
233.5 1
236.0 1
244.0 1
245.0 2
246.0 1
249.5 1
251.5 2
252.5 1
253.0 1
254.0 1
256.5 2
258.5 1
273.5 1
275.5 1
276.0 1
276.5 1
278.5 2
280.5 2
281.0 1
291.0 1
303.5 1
305.5 1
306.0 1
307.0 1
311.0 1
317.0 1
318.0 1
323.0 1
326.5 1
331.0 1
332.0 1
339.0 1
346.0 1
346.5 1
347.5 1
351.5 1
358.0 1
363.5 1
369.0 1
372.0 1
374.0 1
376.0 1
377.5 1
392.5 1
435.5 1
437.0 1
440.5 1
445.0 1
487.5 1
549.0 1
594.5 1
635.0 1
635.5 1
666.5 1
688.0 1
806.0 1
974.0 1
998.5 1
1091.0 1
1148.5 1
1237.0 1
1649.5 1
1987.5 1
