0.0 2.7073155736305075
0.5 7.2418090770865495
1.0 9.311901127397789
1.5 10.412930108231349
2.0 11.014253882954321
2.5 11.62220273721932
3.0 12.676393841871793
3.5 13.208710407239819
4.0 13.782767359351242
4.5 14.358330235275373
5.0 15.673005513671654
5.5 15.639041703637977
6.0 16.15885589889339
6.5 17.08656659458084
7.0 17.695199031737495
7.5 18.209178917174615
8.0 19.332598951606776
8.5 19.70241562446462
9.0 20.64469781238413
9.5 22.497871774408086
10.0 23.90471742176553
10.5 22.940782516743038
11.0 26.623119556611243
11.5 24.825458468176915
12.0 26.910122770442438
12.5 28.02357414448669
13.0 31.41564863292612
13.5 33.87184594953519
14.0 31.789909341742216
14.5 34.22093023255814
15.0 31.410131852879946
15.5 33.26459510357815
16.0 30.797665369649806
16.5 32.744299674267104
17.0 29.404761904761905
17.5 23.929155313351497
18.0 32.24464831804281
18.5 35.651898734177216
19.0 34.47565543071161
19.5 32.95752895752896
20.0 38.014440433213
20.5 40.75833333333333
21.0 39.292682926829265
21.5 37.72762645914397
22.0 36.56837606837607
22.5 31.932
23.0 36.93908629441624
23.5 38.413145539906104
24.0 36.666666666666664
24.5 53.10126582278481
25.0 48.97826086956522
25.5 34.7185628742515
26.0 46.16959064327485
26.5 44.19298245614035
27.0 53.77325581395349
27.5 62.645390070921984
28.0 55.175438596491226
28.5 44.68888888888889
29.0 58.12977099236641
29.5 56.78740157480315
30.0 67.82758620689656
30.5 58.49074074074074
31.0 70.46825396825396
31.5 52.37096774193548
32.0 75.89915966386555
32.5 79.54761904761905
33.0 54.205357142857146
33.5 52.043010752688176
34.0 70.20535714285714
34.5 48.53719008264463
35.0 65.7
35.5 85.14414414414415
36.0 68.93518518518519
36.5 69.20879120879121
37.0 79.5673076923077
37.5 89.74358974358974
38.0 74.09302325581395
38.5 93.41333333333333
39.0 123.58823529411765
39.5 72.12820512820512
40.0 88.14285714285714
40.5 56.5
41.0 99.13793103448276
41.5 147.1818181818182
42.0 97.0
42.5 81.23529411764706
43.0 82.84210526315789
43.5 55.81818181818182
44.0 51.75
44.5 212.76470588235293
45.0 65.1875
45.5 70.33333333333333
46.0 173.77777777777777
46.5 56.375
47.0 46.53333333333333
47.5 159.1875
48.0 98.55555555555556
48.5 50.0
49.0 113.11111111111111
49.5 125.64285714285714
50.0 114.4
50.5 110.83333333333333
51.0 40.0
51.5 44.666666666666664
52.0 155.0
52.5 52.5
53.0 123.11111111111111
53.5 93.6
54.0 49.666666666666664
54.5 156.45454545454547
55.0 56.3
55.5 62.333333333333336
56.0 56.125
56.5 171.7
57.0 134.63636363636363
57.5 153.1904761904762
58.0 98.81818181818181
58.5 66.23529411764706
59.0 161.0
59.5 94.76923076923077
60.0 114.86666666666666
60.5 85.93333333333334
61.0 170.06666666666666
61.5 86.88888888888889
62.0 203.66666666666666
62.5 115.45454545454545
63.0 149.36363636363637
63.5 183.5
64.0 206.6
64.5 201.14285714285714
65.0 92.8
65.5 311.3333333333333
66.0 169.5
66.5 76.6
67.0 74.2
67.5 83.33333333333333
68.0 128.0
68.5 283.0
69.0 79.0
69.5 123.0
70.0 82.5
70.5 75.0
71.0 77.25
71.5 143.33333333333334
72.0 216.0
72.5 72.0
73.0 92.33333333333333
73.5 25.0
74.0 29.0
74.5 113.0
75.0 63.0
75.5 101.5
76.0 141.5
76.5 110.5
77.0 88.0
77.5 259.0
78.0 132.0
78.5 90.0
79.0 207.6
79.5 97.0
80.0 424.0
80.5 59.25
81.0 210.0
81.5 134.16666666666666
82.0 86.25
82.5 115.33333333333333
83.0 135.0
83.5 118.4
84.0 217.66666666666666
84.5 92.45454545454545
85.0 107.5
85.5 107.66666666666667
86.0 141.0
86.5 149.5
87.0 132.83333333333334
87.5 261.0
88.0 69.66666666666667
88.5 789.5
89.5 82.8
90.0 138.6
90.5 222.0
91.0 96.0
92.0 116.33333333333333
92.5 98.0
93.0 173.33333333333334
93.5 216.0
94.0 204.0
94.5 89.0
95.5 178.0
96.0 2189.0
96.5 138.5
98.0 189.0
98.5 191.0
99.0 121.0
99.5 222.0
100.0 227.0
100.5 126.0
101.0 329.0
102.0 204.33333333333334
102.5 88.0
103.0 157.66666666666666
103.5 136.0
104.0 165.5
104.5 122.33333333333333
105.0 244.6
105.5 155.0
106.0 128.0
106.5 208.5
107.0 128.33333333333334
107.5 281.0
108.0 222.0
108.5 503.5
109.0 93.0
109.5 194.5
110.0 98.75
110.5 122.0
111.0 171.0
112.0 204.5
112.5 167.0
113.0 342.0
113.5 102.66666666666667
114.5 206.0
115.0 205.0
115.5 155.66666666666666
116.0 153.5
116.5 228.0
117.5 312.0
119.0 81.0
119.5 217.0
120.0 191.0
120.5 198.5
122.0 129.0
123.0 125.0
124.0 132.5
127.5 106.0
128.0 254.0
128.5 166.0
129.0 152.0
129.5 241.5
130.0 235.0
130.5 75.0
131.0 161.0
131.5 266.0
132.5 536.0
133.0 256.0
133.5 227.4
134.0 269.0
134.5 163.33333333333334
135.0 133.5
135.5 597.0
136.0 241.0
136.5 340.3333333333333
137.0 248.0
139.0 371.0
140.5 172.66666666666666
141.5 225.0
142.5 270.0
143.0 31.0
143.5 265.0
144.0 571.0
144.5 289.0
145.0 332.0
145.5 325.0
146.0 292.0
149.0 195.0
149.5 211.0
150.5 274.0
151.0 299.0
152.5 313.0
153.0 269.0
154.5 193.0
155.0 340.0
155.5 341.5
156.0 497.0
156.5 188.5
157.0 126.0
157.5 375.0
158.5 251.0
159.5 654.0
160.0 312.0
167.0 273.0
168.0 199.0
168.5 415.0
169.0 209.0
173.5 272.0
174.0 321.0
175.0 131.5
176.5 404.0
177.0 256.5
177.5 360.0
178.5 179.0
179.0 570.5
181.0 606.0
181.5 374.6666666666667
183.5 527.0
184.5 488.0
185.0 417.0
185.5 356.0
186.5 251.0
188.0 310.0
198.0 345.0
200.0 1865.0
201.5 543.0
203.5 665.0
204.5 661.0
206.5 274.0
207.0 395.0
208.0 340.0
210.0 582.0
210.5 418.0
211.5 412.0
213.0 333.0
217.0 601.0
217.5 78.0
218.0 615.0
221.0 247.0
221.5 293.0
223.0 367.0
224.0 495.0
224.5 284.0
225.5 1948.0
226.0 339.5
227.0 624.0
229.0 242.0
229.5 482.0
230.0 489.0
232.0 362.5
232.5 630.0
233.5 532.0
236.0 559.0
244.0 320.0
245.0 646.0
246.0 368.0
249.5 297.0
251.5 499.0
252.5 405.0
253.0 583.0
254.0 443.0
256.5 562.5
258.5 508.0
273.5 256.0
275.5 961.0
276.0 442.0
276.5 2117.0
278.5 399.0
280.5 735.5
281.0 375.0
291.0 739.0
303.5 752.0
305.5 761.0
306.0 451.0
307.0 746.0
311.0 1681.0
317.0 1423.0
318.0 663.0
323.0 614.0
326.5 913.0
331.0 960.0
332.0 517.0
339.0 935.0
346.0 1194.0
346.5 686.0
347.5 728.0
351.5 769.0
358.0 723.0
363.5 594.0
369.0 1651.0
372.0 757.0
374.0 586.0
376.0 1412.0
377.5 1471.0
392.5 750.0
435.5 381.0
437.0 812.0
440.5 2429.0
445.0 2212.0
487.5 1289.0
549.0 2153.0
594.5 1648.0
635.0 2022.0
635.5 1726.0
666.5 1827.0
688.0 1426.0
806.0 1917.0
974.0 2449.0
998.5 1843.0
1091.0 3006.0
1148.5 4080.0
1237.0 5300.0
1649.5 9351.0
1987.5 8492.0
